             PRODUCTION FROM AN OIL RESERVOIR BY GAS INJECTION
RESTART AND POST-PLOT CODES
-1 1
0 15*1
GRID DATA
10 10 3
GRID BLOCK LENGTHS
-1 -1 0 0
1000.
1000.
20. 30. 50.
20. 30. 50.
GRID BLOCK LENGTH MODIFICATIONS
5*0
CONSTANT DEPTH TO TOP OF LAYER ONE
0
8325.
POROSITY AND PERMEABILITY DISTRIBUTIONS
-1 0 0 0
.30
500. 50. 200.
500. 50. 200.
100. 37.5 20.83
POROSITY AND PERMEABILITY MODIFICATIONS
0 0 0 0 0
TRANSMISSIBILITY MODIFICATIONS
4*0
ROCK PVT
1 1
SAT   KRO      KRW    KRG     KROG PCOW PCGO
-.1   6*0.
 .02  6*0.
 .05  0.      0.0    .005      3*0.
 .12  0.      0.0    .025      3*0.
 .18  0.      .0001  .06244    3*0.
 .2   .00002  .0005  .075      3*0.
 .25  .00007  .001   .125      3*0.
 .3   .00028  .0021  .190      3*0.
 .4   .0046   .0042  .41       3*0.
 .45  .0144   .0084  .6        3*0.
 .5   .0348   .0168  .72       3*0.
 .55  .0693   .0336  .795      3*0.
 .6   .134    .0672  .87       3*0.
 .7   .440    .1344  .94       3*0.
 .75  .66     .2016  .9533333  3*0.
 .8   .94     .2688  .9666667  3*0.
 .85  .985    .336   .98       3*0.
 .88  1.0     .3696  .984      3*0.
 .95  1.0     .4704  .9933333  3*0.
 .98  1.0     .5     .9973333  3*0.
 .999 1.0     .5     .9998667  3*0.
1.0   1.0     .5     1.0       3*0.
1.10000000   1.0     .5     1.0       3*0.
ITHREE SWR(IRR)
0 .12
 PBO   PBODAT PBGRAD
4014.7  8425.   0.
VSLOPE   BSLOPE  RSLOPE   PMAX  REPRS
.000046 -.0000232   0.    9014.7   0
   P     MUO    BO   RSO
  14.7  1.04  1.062  1.0
 264.7  .975  1.15   90.5
 514.7  .91   1.207  180.
1014.7  .83   1.295  371.
2014.7  .695  1.435  636.
2514.7  .641  1.5    775.
3014.7  .594  1.565  930.
4014.7  .51   1.695  1270.
5014.7  .449  1.827  1618.
9014.7  .203  2.357  2984.
   P     MUW    BW   RSW
  14.7  .31   1.041   0.
 264.7  .31   1.0403  0.
 514.7  .31   1.0395  0.
1014.7  .31   1.0380  0.
2014.7  .31   1.0380  0.
2514.7  .31   1.0335  0.
3014.7  .31   1.0320  0.
4014.7  .31   1.0290  0.
5014.7  .31   1.0258  0.
9014.7  .31   1.0130  0.
GAS AND ROCK PROP
0
   P     MUG     BG     PSI     CR
  14.7  .008   .9358    0.0  .000003
 264.7  .0096  .067902  0.0  .000003
 514.7  .0112  .035228  0.0  .000003
1014.7  .014   .017951  0.0  .000003
2014.7  .0189  .009063  0.0  .000003
2514.7  .0208  .007266  0.0  .000003
3014.7  .0228  .006064  0.0  .000003
4014.7  .0268  .004554  0.0  .000003
5014.7  .0309  .003644  0.0  .000003
9014.7  .047   .002180  0.0  .000003
RHOSCO RHOSCW RHOSCG
46.244 62.238 .0647
EQUILIBRIUM PRESSURE INITIALIZATION/CONSTANT SATURATIONS
0 0 8425. 0.
4806.6 8425. 0. 8300.
.88 .12 0.
KSN1 KSM1 KCO1 KCOF
0  0   0  0
NMAX FACT1 FACT2 TMAX WORMAX GORMAX PAMIN PAMAX
3650  1.5   .5   3650.  20.  500000. 150. 10000.
KSOL MITR OMEGA TOL TOL1 DSMAX DPMAX
4    350   1.7  .1   0.   .05   100.
NUMDIS IRK THRUIN
0       0    .5
AQUIFER DATA
0
RECURRENT DATA
DATA SET 1
30 1 2
1. 15.
1 1 0 1 1 0
1. .5  5.
INJ/PROD PAIR
2 0
---NEW WELLS---
INJ    1  1  1  1  1
10.65
9000.
INJ    1  3       0.        0.  -100000.        0.
PROD   2 10 10  3  1
11.45
1000.
PROD   2 -1    1000.    20000.        0.        0.
DATA SET 2
72 0 4
180. 365. 730. 1095.
1 1 0 1 1 0
14.8 1.0 90.0
DATA SET 3
244 0 7
1460. 1825. 2190. 2555. 2920. 3285. 3650.
1 1 0 1 1 0
10.0 1.0 90.0
